7
0
0
0
0
0
12
12
0
0
5
18
0
0
0
8
0
0
0
0
0
0
14
10
0
8
0
0
19
0
8
0
17
0
0
0
0
17
0
2
0
0
14
0
0
0
0
0
0
6
0
7
9
0
0
0
0
6
0
13
0
7
0
11
0
0
5
0
0
0
14
0
0
0
0
6
0
7
19
0
0
1
0
0
0
0
14
0
0
14
1
0
0
0
3
0
19
0
0
0
19
0
2
0
0
10
0
0
0
6
0
0
0
14
19
0
0
0
0
6
18
0
0
13
0
0
9
0
0
0
18
0
0
19
0
7
16
0
0
0
12
0
0
0
0
0
0
0
19
18
7
0
0
0
0
12
0
3
0
5
0
0
18
0
15
0
0
7
0
0
0
19
0
16
0
13
0
0
0
0
13
0
0
0
0
0
0
18
17
0
0
0
0
4
0
0
7
14
0
11
2
0
0
0
17
0
0
1
0
14
0
0
0
18
0
0
0
6
0
9
13
0
0
0
0
3
2
0
0
0
2
0
0
0
0
0
0
0
2
0
0
10
17
0
0
0
14
16
0
0
0
4
0
3
0
14
0
19
0
0
0
0
0
0
0
16
0
0
19
6
0
2
0
0
0
0
13
0
19
19
0
0
0
0
16
0
0
7
19
0
0
0
0
0
6
14
0
12
0
8
0
0
0
0
7
0
0
0
0
1
9
2
0
0
0
0
5
0
0
0
12
14
0
0
0
0
19
11
0
0
0
0
15
0
0
3
4
0
0
0
13
0
0
5
8
0
0
0
19
0
0
0
0
0
2
0
0
14
0
2
0
16
0
17
4
0
0
0
0
0
18
8
0
0
0
0
8
0
0
17
0
1
0
0
17
0
0
15
0
0
0
0
17
0
11
0
0
0
11
18
0
0
6
0
0
11
0
0
0
0
0
0
7
15
0
0
0
0
0
16
0
5
12
0
0
14
0
18
0
16
0
0
0
0
0
0
4
16
0
0
4
0
0
2
0
0
15
0
4
0
16
8
0
0
0
0
0
4
0
2
0
17
0
0
0
0
0
18
0
16
8
0
0
4
0
0
0
13
0
0
0
1
0
0
0
3
0
0
0
16
0
9
2
0
0
0
0
0
4
12
0
0
0
14
17
18
0
0
0
0
7
0
0
0
0
0
0
0
4
18
3
0
0
14
0
0
9
0
0
17
0
4
0
7
9
0
0
0
0
0
9
0
0
0
0
9
0
0
14
0
0
15
0
10
3
0
0
0
3
16
0
0
0
0
0
5
0
7
17
0
0
0
6
0
0
0
